110100000
000111010
110010011
001000110
000101001
101010100
110000010
001000001
100111100
111000001
010110100
011000100
110000001
000110001
100101010
000001001
000001001
000011001
101010100
001000001
110000110
000110001
000100001
000110010
100101100
010011001
101110100
110000100
001000011
100101110
010101001
110000101
101110100
001000011
100101110
110000111
000100001
010001001
101110100
001000011
100101110
000100001
001111001
101110100
001000011
100101110
000100001
101110000
011011010
100101110
101110000
001001011
000101001
101110100
100101010
011101010
100101110
101110000
001001011
000101001
101110100
100101010
011111010
100001110
101110100
001000011
